<?xml version="1.0"?>
<opencv_storage>
<classifications type_id="opencv-matrix">
  <rows>47</rows>
  <cols>1</cols>
  <dt>i</dt>
  <data>
    56 53 52 51 54 57 49 50 55 54 57 55 56 52 53 53 54 57 52 55 55 52 55
    51 56 53 54 57 50 52 49 51 55 56 53 57 54 50 57 56 55 54 53 52 51 50
    49</data></classifications>
</opencv_storage>
