<?xml version="1.0"?>
<opencv_storage>
<images type_id="opencv-matrix">
  <rows>18</rows>
  <cols>600</cols>
  <dt>f</dt>
  <data>
    0. 0. 0. 0. 0. 0. 0. 0. 0. 0. 24. 198. 255. 255. 186. 10. 0. 0. 0.
    0. 0. 0. 0. 0. 0. 0. 0. 0. 0. 126. 255. 255. 255. 255. 255. 255. 0.
    0. 0. 0. 0. 0. 0. 0. 0. 0. 0. 0. 0. 240. 255. 255. 85. 85. 255. 255.
    185. 0. 0. 0. 0. 0. 0. 0. 0. 0. 0. 0. 219. 255. 255. 32. 0. 0. 0.
    255. 255. 0. 0. 0. 0. 0. 0. 0. 0. 0. 0. 25. 255. 255. 210. 0. 0. 0.
    0. 255. 255. 0. 0. 0. 0. 0. 0. 0. 0. 0. 0. 255. 255. 255. 0. 0. 0.
    0. 0. 255. 255. 0. 0. 0. 0. 0. 0. 0. 0. 0. 184. 255. 255. 44. 0. 0.
    0. 0. 0. 255. 255. 0. 0. 0. 0. 0. 0. 0. 0. 108. 255. 255. 134. 0. 0.
    0. 0. 0. 0. 255. 255. 0. 0. 0. 0. 0. 0. 0. 1. 255. 255. 253. 0. 0.
    0. 0. 0. 0. 0. 255. 255. 0. 0. 0. 0. 0. 0. 0. 255. 255. 255. 0. 0.
    0. 0. 0. 0. 0. 0. 255. 255. 0. 0. 0. 0. 0. 0. 37. 255. 255. 215. 0.
    0. 0. 0. 0. 0. 0. 0. 255. 255. 0. 0. 0. 0. 0. 0. 255. 255. 255. 0.
    0. 0. 0. 255. 32. 0. 0. 0. 255. 255. 0. 0. 0. 0. 0. 149. 255. 255.
    98. 0. 0. 0. 70. 255. 81. 0. 0. 0. 255. 255. 0. 0. 0. 0. 6. 255.
    255. 142. 0. 0. 0. 48. 255. 255. 0. 0. 0. 0. 255. 255. 0. 0. 0. 0.
    255. 255. 255. 0. 0. 0. 0. 184. 255. 255. 0. 0. 0. 0. 255. 255. 0.
    0. 0. 92. 255. 255. 33. 0. 0. 0. 151. 255. 255. 255. 0. 0. 0. 0.
    255. 255. 180. 0. 0. 222. 255. 197. 0. 0. 0. 0. 255. 255. 255. 255.
    0. 0. 0. 0. 255. 255. 255. 156. 0. 255. 255. 53. 0. 0. 0. 0. 85. 85.
    85. 85. 0. 0. 0. 0. 79. 255. 255. 255. 115. 255. 255. 0. 0. 0. 0. 0.
    0. 0. 0. 0. 0. 0. 0. 0. 0. 0. 68. 255. 233. 255. 255. 0. 0. 0. 0. 0.
    0. 0. 0. 0. 0. 0. 0. 0. 0. 0. 0. 250. 255. 255. 255. 0. 0. 0. 0. 0.
    0. 0. 0. 0. 0. 0. 0. 0. 0. 0. 0. 255. 255. 178. 255. 248. 0. 0. 0.
    0. 0. 0. 0. 0. 0. 0. 0. 0. 0. 238. 255. 255. 172. 0. 255. 255. 255.
    255. 255. 255. 255. 255. 255. 210. 0. 0. 0. 0. 255. 255. 255. 255.
    0. 0. 6. 244. 255. 255. 255. 255. 255. 255. 255. 210. 0. 0. 0. 0.
    255. 255. 244. 0. 0. 0. 0. 0. 0. 0. 0. 0. 0. 237. 255. 210. 0. 0. 0.
    0. 255. 255. 0. 0. 0. 0. 0. 0. 0. 0. 0. 0. 0. 121. 255. 210. 0. 0.
    0. 0. 255. 255. 0. 0. 0. 0. 0. 0. 0. 0. 0. 0. 0. 89. 255. 255. 32.
    0. 0. 0. 255. 255. 0. 0. 0. 0. 0. 0. 0. 0. 0. 0. 0. 0. 240. 255.
    255. 85. 85. 255. 255. 185. 0. 0. 0. 0. 0. 0. 0. 0. 0. 0. 0. 0. 0.
    255. 255. 255. 255. 255. 255. 0. 0. 0. 0. 0. 0. 0. 0. 0. 0. 0. 0. 0.
    0. 24. 198. 255. 255. 186. 10. 0. 0. 0. 0. 0. 0. 0. 0. 0. 0. 0. 0.
    0. 0. 99. 169. 255. 255. 255. 255. 128. 48. 0. 0. 0. 0. 0. 0. 0. 0.
    0. 0. 0. 156. 255. 255. 255. 255. 255. 255. 255. 255. 105. 0. 0. 0.
    0. 0. 0. 0. 0. 16. 214. 255. 255. 255. 143. 128. 128. 128. 255. 255.
    255. 70. 0. 0. 0. 0. 0. 0. 73. 255. 255. 255. 255. 86. 0. 0. 0. 0.
    137. 255. 255. 255. 0. 0. 0. 118. 188. 255. 255. 255. 255. 255. 156.
    0. 0. 0. 0. 0. 19. 255. 255. 255. 0. 105. 255. 255. 255. 255. 255.
    255. 255. 99. 0. 0. 0. 0. 0. 0. 19. 255. 255. 255. 70. 255. 255.
    255. 255. 252. 128. 128. 41. 0. 0. 0. 0. 0. 0. 0. 19. 255. 255. 255.
    255. 255. 255. 137. 0. 0. 0. 0. 0. 0. 0. 0. 0. 0. 0. 0. 19. 255.
    255. 255. 255. 255. 255. 19. 0. 0. 0. 0. 0. 0. 0. 0. 0. 0. 0. 0. 19.
    255. 255. 255. 255. 255. 255. 19. 0. 0. 0. 0. 0. 0. 0. 0. 0. 0. 0.
    0. 19. 255. 255. 255. 163. 255. 255. 137. 67. 0. 0. 0. 0. 0. 0. 0.
    0. 0. 0. 0. 19. 255. 255. 255. 35. 233. 255. 255. 255. 255. 255.
    255. 255. 198. 0. 0. 0. 0. 0. 0. 19. 255. 255. 255. 0. 0. 175. 255.
    255. 255. 255. 255. 255. 198. 0. 0. 0. 0. 0. 0. 19. 255. 255. 255.
    0. 0. 0. 0. 128. 131. 255. 255. 255. 198. 0. 0. 0. 0. 0. 0. 19. 255.
    255. 255. 0. 0. 0. 0. 0. 0. 147. 255. 255. 198. 0. 0. 0. 0. 0. 0.
    19. 255. 255. 255. 0. 0. 0. 0. 0. 0. 147. 255. 255. 198. 0. 0. 0. 0.
    0. 0. 19. 255. 255. 255. 0. 0. 0. 0. 0. 0. 147. 255. 255. 198. 0. 0.
    0. 0. 0. 0. 19. 255. 255. 255. 0. 0. 0. 0. 0. 0. 147. 255. 255. 198.
    0. 0. 0. 0. 0. 0. 19. 255. 255. 255. 0. 0. 0. 0. 0. 0. 147. 255.
    255. 198. 0. 0. 0. 0. 0. 0. 19. 255. 255. 255. 0. 0. 0. 0. 0. 0.
    147. 255. 255. 198. 0. 0. 0. 0. 0. 0. 19. 255. 255. 255. 0. 0. 0. 0.
    0. 0. 147. 255. 255. 198. 0. 0. 0. 0. 0. 0. 19. 255. 255. 255. 0. 0.
    0. 0. 0. 0. 147. 255. 255. 198. 0. 0. 0. 0. 0. 0. 19. 255. 255. 255.
    0. 0. 0. 0. 0. 0. 147. 255. 255. 198. 0. 0. 0. 0. 0. 0. 19. 255.
    255. 255. 0. 0. 0. 0. 0. 0. 147. 255. 255. 198. 0. 0. 0. 0. 0. 0.
    19. 255. 255. 255. 0. 0. 0. 0. 0. 0. 147. 255. 255. 198. 0. 0. 0. 0.
    0. 0. 19. 255. 255. 255. 0. 0. 0. 0. 0. 0. 147. 255. 255. 198. 0. 0.
    0. 0. 0. 0. 19. 255. 255. 255. 0. 0. 0. 0. 0. 0. 147. 255. 255. 226.
    29. 0. 0. 0. 0. 0. 137. 255. 255. 255. 0. 0. 0. 0. 0. 0. 0. 255.
    255. 255. 255. 128. 128. 128. 128. 194. 255. 255. 255. 70. 0. 0. 0.
    0. 0. 0. 0. 16. 214. 255. 255. 255. 255. 255. 255. 255. 255. 255.
    105. 0. 0. 0. 0. 0. 0. 0. 0. 0. 0. 128. 226. 255. 255. 255. 255.
    255. 128. 48. 0. 0. 0. 0. 0. 0. 0. 20. 136. 255. 255. 255. 255. 255.
    255. 136. 136. 0. 0. 0. 0. 0. 0. 0. 0. 0. 153. 255. 255. 255. 255.
    255. 255. 255. 255. 255. 255. 240. 0. 0. 0. 0. 0. 0. 42. 217. 255.
    255. 255. 255. 85. 85. 85. 85. 255. 255. 255. 255. 255. 42. 0. 0. 0.
    0. 204. 255. 255. 227. 37. 0. 0. 0. 0. 0. 0. 0. 68. 255. 255. 255.
    0. 0. 0. 0. 255. 255. 82. 0. 0. 0. 0. 0. 0. 0. 0. 0. 0. 82. 255.
    255. 194. 0. 0. 242. 255. 255. 0. 0. 0. 0. 0. 0. 0. 0. 0. 0. 0. 0.
    133. 255. 253. 0. 0. 255. 255. 115. 0. 0. 0. 0. 0. 0. 0. 0. 0. 0. 0.
    0. 8. 255. 255. 0. 166. 255. 255. 0. 0. 0. 0. 0. 255. 255. 255. 255.
    0. 0. 0. 0. 0. 255. 255. 166. 166. 255. 191. 0. 0. 0. 0. 195. 255.
    255. 255. 255. 195. 0. 0. 0. 0. 191. 255. 166. 166. 255. 191. 0. 0.
    0. 0. 255. 255. 255. 255. 255. 255. 0. 0. 0. 0. 191. 255. 166. 166.
    255. 204. 0. 0. 0. 143. 255. 255. 255. 255. 255. 242. 0. 0. 0. 0.
    255. 255. 166. 0. 255. 255. 152. 68. 96. 255. 255. 255. 255. 255.
    255. 0. 0. 0. 0. 31. 255. 255. 0. 0. 161. 255. 255. 255. 255. 255.
    255. 251. 170. 60. 0. 0. 0. 0. 0. 162. 255. 251. 0. 0. 0. 153. 255.
    255. 255. 255. 255. 0. 0. 0. 0. 0. 0. 0. 38. 255. 255. 242. 0. 0. 0.
    0. 0. 0. 38. 255. 255. 0. 0. 0. 0. 0. 0. 0. 20. 255. 255. 248. 0. 0.
    0. 0. 0. 0. 38. 255. 255. 0. 0. 0. 0. 0. 0. 0. 0. 54. 255. 255. 88.
    0. 0. 178. 255. 255. 255. 255. 255. 255. 255. 153. 153. 0. 0. 0. 0.
    0. 217. 255. 219. 0. 251. 255. 255. 255. 255. 255. 255. 255. 255.
    255. 255. 127. 0. 0. 0. 0. 64. 255. 255. 166. 255. 255. 68. 68. 68.
    255. 255. 255. 255. 255. 255. 255. 0. 0. 0. 0. 0. 255. 255. 255.
    255. 38. 0. 0. 0. 255. 255. 242. 0. 33. 255. 255. 115. 0. 0. 0. 0.
    255. 255. 255. 255. 0. 0. 0. 0. 115. 255. 255. 221. 243. 255. 255.
    15. 0. 0. 0. 0. 255. 255. 255. 255. 0. 0. 0. 0. 0. 255. 255. 255.
    255. 255. 255. 0. 0. 0. 0. 178. 255. 255. 255. 255. 191. 0. 0. 0. 0.
    0. 255. 255. 255. 255. 0. 0. 0. 0. 0. 191. 255. 166. 166. 255. 255.
    0. 0. 0. 0. 0. 0. 0. 0. 0. 0. 0. 0. 0. 8. 255. 255. 155. 0. 255.
    255. 133. 0. 0. 0. 0. 0. 0. 0. 0. 0. 0. 0. 0. 133. 255. 253. 0. 0.
    194. 255. 255. 82. 0. 0. 0. 0. 0. 0. 0. 0. 0. 0. 82. 255. 255. 194.
    0. 0. 0. 255. 255. 255. 68. 0. 0. 0. 0. 0. 0. 0. 0. 227. 255. 255.
    255. 0. 0. 0. 0. 42. 255. 255. 255. 255. 127. 85. 85. 85. 85. 255.
    255. 255. 255. 217. 42. 0. 0. 0. 0. 0. 0. 240. 255. 255. 255. 255.
    255. 255. 255. 255. 255. 255. 153. 0. 0. 0. 0. 0. 0. 0. 0. 0. 136.
    189. 255. 255. 255. 255. 255. 255. 136. 20. 0. 0. 0. 0. 0. 0. 0.
    140. 255. 255. 255. 255. 255. 255. 255. 255. 255. 255. 255. 255.
    255. 255. 140. 0. 0. 0. 237. 255. 255. 255. 255. 255. 255. 255. 255.
    255. 255. 255. 255. 255. 255. 255. 255. 237. 0. 159. 255. 255. 149.
    149. 149. 149. 149. 149. 149. 149. 149. 149. 149. 149. 149. 149.
    255. 255. 159. 255. 255. 138. 0. 0. 0. 0. 0. 0. 0. 0. 0. 0. 0. 0. 0.
    0. 138. 255. 255. 255. 255. 0. 0. 0. 0. 0. 0. 0. 0. 0. 0. 0. 0. 0.
    0. 0. 0. 255. 255. 255. 255. 0. 0. 0. 0. 0. 0. 0. 0. 0. 0. 0. 0. 0.
