<?xml version="1.0"?>
<opencv_storage>
<images type_id="opencv-matrix">
  <rows>9</rows>
  <cols>600</cols>
  <dt>f</dt>
  <data>
    0. 0. 0. 34. 255. 255. 255. 60. 60. 60. 60. 60. 182. 255. 255. 255.
    34. 0. 0. 0. 0. 0. 10. 255. 255. 0. 0. 0. 0. 0. 0. 0. 0. 0. 234.
    255. 255. 10. 0. 0. 0. 0. 255. 255. 33. 0. 0. 0. 0. 0. 0. 0. 0. 0.
    0. 207. 255. 218. 0. 0. 0. 106. 255. 133. 0. 0. 0. 0. 0. 0. 0. 0. 0.
    0. 0. 0. 238. 255. 7. 0. 0. 255. 255. 0. 0. 0. 0. 0. 0. 0. 0. 0. 0.
    0. 0. 0. 210. 255. 231. 0. 6. 255. 223. 0. 0. 0. 0. 41. 255. 255.
    255. 172. 0. 0. 0. 0. 0. 255. 255. 0. 247. 255. 0. 0. 0. 0. 0. 255.
    255. 255. 255. 255. 250. 0. 0. 0. 0. 224. 255. 6. 255. 255. 0. 0. 0.
    0. 255. 255. 201. 0. 67. 255. 255. 41. 0. 0. 0. 0. 255. 255. 255.
    255. 0. 0. 0. 0. 88. 255. 0. 0. 0. 147. 255. 83. 0. 0. 0. 0. 255.
    255. 255. 255. 0. 0. 0. 0. 255. 255. 0. 0. 0. 147. 255. 83. 0. 0. 0.
    0. 255. 255. 255. 255. 0. 0. 0. 0. 238. 255. 0. 0. 0. 146. 255. 83.
    0. 0. 0. 0. 236. 255. 255. 255. 0. 0. 0. 0. 192. 255. 93. 0. 0. 215.
    255. 83. 0. 0. 0. 0. 236. 255. 255. 255. 0. 0. 0. 0. 226. 255. 255.
    255. 255. 255. 255. 0. 0. 0. 0. 0. 236. 255. 81. 255. 0. 0. 0. 0. 0.
    255. 255. 255. 255. 255. 29. 0. 0. 0. 0. 0. 236. 255. 5. 255. 231.
    0. 0. 0. 0. 0. 195. 195. 93. 0. 0. 0. 0. 0. 0. 0. 236. 255. 0. 255.
    255. 161. 0. 0. 0. 0. 0. 0. 0. 0. 0. 0. 0. 0. 0. 0. 250. 255. 0. 13.
    255. 255. 0. 0. 0. 0. 0. 0. 0. 0. 0. 0. 0. 0. 0. 0. 255. 255. 0. 0.
    255. 255. 245. 0. 0. 0. 0. 0. 0. 0. 0. 0. 0. 0. 0. 0. 255. 255. 0.
    0. 114. 255. 255. 255. 255. 194. 94. 94. 178. 255. 255. 83. 0. 0. 0.
    0. 255. 255. 0. 231. 255. 255. 255. 255. 255. 255. 255. 255. 255.
    255. 255. 83. 0. 0. 0. 223. 255. 6. 0. 255. 241. 0. 0. 0. 255. 255.
    255. 255. 255. 255. 255. 0. 0. 0. 0. 223. 255. 4. 6. 255. 7. 0. 0.
    0. 83. 255. 255. 247. 255. 255. 255. 0. 0. 0. 0. 255. 255. 0. 6.
    255. 0. 0. 0. 0. 0. 255. 255. 255. 255. 255. 0. 0. 0. 0. 0. 255.
    255. 0. 0. 255. 255. 0. 0. 0. 0. 0. 247. 247. 247. 0. 0. 0. 0. 0.
    255. 255. 19. 0. 0. 255. 255. 0. 0. 0. 0. 0. 0. 0. 0. 0. 0. 0. 0. 0.
    255. 255. 0. 0. 0. 17. 255. 255. 0. 0. 0. 0. 0. 0. 0. 0. 0. 0. 19.
    255. 255. 29. 0. 0. 0. 0. 255. 255. 125. 0. 0. 0. 0. 0. 0. 0. 0. 0.
    229. 255. 122. 0. 0. 0. 0. 0. 0. 255. 255. 196. 42. 0. 0. 0. 0. 42.
    42. 255. 255. 222. 0. 0. 0. 0. 0. 0. 0. 76. 255. 255. 255. 255. 255.
    255. 255. 255. 255. 255. 255. 0. 0. 0. 0. 0. 0. 0. 0. 0. 0. 195.
    255. 255. 255. 255. 255. 255. 195. 64. 0. 0. 0. 0. 0. 0. 0. 0. 0. 0.
    0. 161. 255. 255. 255. 255. 255. 255. 255. 255. 255. 255. 54. 0. 0.
    0. 0. 0. 0. 0. 255. 255. 255. 242. 161. 0. 0. 0. 0. 229. 232. 255.
    255. 13. 0. 0. 0. 0. 0. 166. 255. 255. 128. 0. 0. 0. 0. 0. 0. 0. 0.
    128. 255. 255. 0. 0. 0. 0. 0. 255. 255. 3. 0. 0. 0. 0. 0. 0. 0. 0.
    0. 0. 255. 255. 161. 0. 0. 0. 255. 255. 229. 0. 0. 0. 0. 0. 0. 0. 0.
    0. 0. 0. 0. 255. 255. 0. 0. 0. 255. 255. 0. 0. 0. 0. 0. 18. 247. 54.
    0. 0. 0. 0. 0. 127. 255. 0. 0. 178. 255. 178. 0. 0. 0. 13. 255. 255.
    255. 255. 255. 0. 0. 0. 0. 255. 255. 0. 0. 217. 255. 0. 0. 0. 0.
    128. 255. 255. 255. 255. 255. 0. 0. 0. 0. 255. 255. 0. 0. 255. 255.
    0. 0. 0. 0. 127. 255. 229. 0. 255. 255. 0. 0. 0. 0. 255. 255. 0. 0.
    255. 255. 0. 0. 0. 0. 127. 255. 255. 255. 255. 255. 0. 0. 0. 0. 255.
    255. 0. 0. 179. 255. 125. 0. 0. 0. 38. 255. 255. 255. 255. 38. 0. 0.
    0. 0. 255. 255. 0. 0. 0. 255. 255. 0. 0. 0. 0. 0. 0. 0. 0. 0. 0. 0.
    0. 186. 255. 178. 0. 0. 0. 255. 255. 0. 0. 0. 0. 0. 0. 0. 0. 0. 0.
    0. 0. 255. 255. 0. 0. 0. 0. 255. 255. 0. 0. 0. 0. 0. 0. 0. 0. 0. 0.
    0. 0. 255. 255. 178. 0. 0. 201. 255. 232. 0. 0. 0. 0. 0. 0. 0. 0. 0.
    0. 0. 0. 0. 255. 255. 0. 0. 255. 255. 0. 0. 0. 0. 0. 179. 255. 255.
    255. 0. 0. 0. 0. 0. 166. 255. 161. 23. 255. 127. 0. 0. 0. 0. 140.
    255. 255. 255. 255. 255. 0. 0. 0. 0. 0. 255. 255. 229. 255. 64. 0.
    0. 0. 89. 255. 255. 242. 128. 255. 255. 179. 0. 0. 0. 0. 255. 255.
    255. 255. 0. 0. 0. 0. 178. 255. 186. 0. 0. 178. 255. 178. 0. 0. 0.
    0. 255. 255. 255. 255. 0. 0. 0. 0. 179. 255. 179. 0. 0. 54. 255.
    179. 0. 0. 0. 0. 255. 255. 255. 255. 0. 0. 0. 0. 179. 255. 232. 0.
    0. 232. 255. 179. 0. 0. 0. 0. 255. 255. 255. 255. 0. 0. 0. 0. 0.
    255. 255. 255. 255. 255. 255. 0. 0. 0. 0. 13. 255. 229. 229. 255.
    64. 0. 0. 0. 0. 191. 255. 255. 255. 255. 0. 0. 0. 0. 0. 191. 255.
    115. 229. 255. 127. 0. 0. 0. 0. 0. 8. 26. 0. 0. 0. 0. 0. 0. 0. 255.
    255. 0. 0. 255. 255. 0. 0. 0. 0. 0. 0. 0. 0. 0. 0. 0. 0. 0. 201.
    255. 179. 0. 0. 201. 255. 232. 0. 0. 0. 0. 0. 0. 0. 0. 0. 0. 0. 161.
    255. 255. 0. 0. 0. 0. 255. 255. 232. 3. 0. 0. 0. 0. 0. 0. 0. 0. 48.
    255. 255. 0. 0. 0. 0. 0. 0. 255. 255. 255. 128. 0. 0. 0. 0. 0. 191.
    255. 255. 255. 38. 0. 0. 0. 0. 0. 0. 8. 255. 255. 255. 255. 255.
    255. 255. 255. 255. 255. 255. 48. 0. 0. 0. 0. 0. 0. 0. 0. 0. 161.
    232. 255. 255. 255. 255. 255. 217. 125. 0. 0. 0. 0. 0. 0. 0. 255.
    255. 255. 81. 255. 255. 255. 255. 255. 255. 255. 255. 81. 81. 81.
    28. 124. 255. 242. 242. 255. 61. 0. 0. 0. 0. 0. 0. 0. 0. 0. 0. 0. 0.
    0. 0. 0. 255. 255. 255. 255. 0. 0. 0. 0. 0. 0. 0. 0. 0. 0. 0. 0. 0.
    0. 0. 0. 255. 255. 255. 255. 0. 0. 0. 0. 0. 0. 0. 0. 0. 0. 0. 0. 0.
    0. 0. 0. 255. 255. 253. 255. 10. 0. 0. 0. 0. 0. 0. 0. 38. 38. 0. 0.
    0. 0. 0. 10. 255. 242. 117. 255. 255. 132. 132. 132. 132. 132. 132.
    255. 255. 255. 33. 0. 0. 0. 0. 255. 255. 117. 0. 255. 255. 255. 255.
    255. 255. 255. 255. 255. 255. 255. 7. 0. 0. 0. 89. 255. 255. 0. 0.
    0. 143. 191. 191. 191. 191. 191. 201. 255. 255. 201. 0. 0. 0. 29.
    255. 255. 0. 0. 0. 0. 0. 0. 0. 0. 0. 0. 38. 255. 255. 0. 0. 0. 0.
    255. 255. 215. 0. 0. 0. 0. 0. 0. 0. 0. 0. 0. 255. 255. 12. 0. 0. 0.
    0. 255. 255. 0. 0. 0. 0. 0. 0. 0. 0. 0. 0. 131. 255. 250. 0. 0. 0.
    0. 180. 255. 166. 0. 0. 0. 0. 0. 0. 0. 0. 0. 0. 255. 255. 0. 0. 0.
    0. 0. 255. 255. 0. 0. 0. 0. 0. 0. 0. 0. 0. 0. 103. 255. 199. 0. 0.
    0. 0. 173. 255. 245. 0. 0. 0. 0. 0. 0. 0. 0. 0. 0. 255. 255. 0. 0.
    0. 0. 0. 255. 255. 0. 0. 0. 0. 0. 0. 0. 0. 0. 0. 94. 255. 203. 0. 0.
    0. 0. 0. 255. 255. 0. 0. 0. 0. 0. 0. 0. 0. 0. 0. 255. 255. 0. 0. 0.
    0. 0. 255. 255. 94. 0. 0. 0. 0. 0. 0. 0. 0. 0. 0. 255. 255. 0. 0. 0.
    0. 0. 255. 255. 0. 0. 0. 0. 0. 0. 0. 0. 0. 0. 128. 255. 166. 0. 0.
    0. 0. 0. 255. 255. 0. 0. 0. 0. 0. 0. 0. 0. 0. 0. 255. 255. 119. 0.
    0. 0. 0. 227. 255. 89. 0. 0. 0. 0. 0. 0. 0. 0. 0. 0. 255. 255. 0. 0.
    0. 0. 0. 255. 255. 0. 0. 0. 0. 0. 0. 0. 0. 0. 0. 3. 255. 140. 0. 0.
    0. 0. 0. 255. 255. 0. 0. 0. 0. 0. 0. 0. 0. 0. 0. 166. 255. 86. 0. 0.
    0. 0. 93. 255. 182. 0. 0. 0. 0. 0. 0. 0. 0. 0. 0. 255. 255. 0. 0. 0.
    0. 0. 242. 255. 64. 0. 0. 0. 0. 0. 0. 0. 0. 0. 0. 255. 255. 0. 0. 0.
    0. 0. 255. 255. 0. 0. 0. 0. 0. 0. 0. 0. 0. 0. 0. 255. 255. 0. 0. 0.
    0. 0. 255. 255. 0. 0. 0. 0. 0. 0. 0. 0. 0. 0. 0. 255. 255. 0. 0. 0.
    0. 13. 255. 255. 0. 0. 0. 0. 0. 0. 0. 0. 0. 0. 0. 255. 255. 0. 0. 0.
    8. 65. 255. 38. 0. 0. 0. 0. 0. 0. 0. 0. 0. 0. 0. 166. 255. 255. 97.
    149. 255. 255. 255. 0. 0. 0. 0. 0. 0. 0. 0. 0. 0. 0. 0. 0. 255. 255.
    255. 255. 255. 255. 1. 0. 0. 0. 0. 0. 0. 0. 0. 0. 0. 0. 0. 0. 0.
    174. 202. 235. 148. 0. 0. 0. 0. 0. 0. 0. 0. 0. 0. 0. 0. 0. 0. 255.
    255. 208. 0. 0. 0. 0. 0. 0. 0. 0. 0. 66. 255. 255. 0. 0. 0. 0. 255.
    255. 198. 0. 0. 0. 0. 0. 0. 0. 0. 0. 0. 0. 210. 255. 19. 0. 0. 0.
    255. 255. 0. 0. 0. 0. 0. 0. 85. 0. 0. 0. 0. 0. 0. 255. 255. 0. 0.
    19. 255. 210. 0. 0. 0. 0. 0. 210. 255. 206. 64. 0. 0. 0. 0. 234.
    255. 0. 0. 255. 255. 0. 0. 0. 0. 0. 255. 255. 255. 255. 255. 0. 0.
    0. 0. 223. 255. 0. 0. 255. 255. 0. 0. 0. 0. 149. 255. 255. 170. 255.
    255. 28. 0. 0. 0. 234. 255. 0. 0. 255. 223. 0. 0. 0. 0. 255. 255.
    255. 255. 255. 255. 255. 0. 0. 140. 255. 255. 0. 6. 255. 223. 0. 0.
    0. 83. 255. 255. 255. 255. 255. 255. 255. 255. 255. 255. 255. 19. 0.
    89. 255. 0. 0. 0. 0. 83. 255. 255. 0. 0. 0. 0. 170. 255. 255. 255.
